309	(71, 853.1049657943669)
561	(129.0, 841.7741551864082)
923	(207.0, 823.4785829778231)
1415	(336.0, 851.5766305986363)
2057	(510.4, 877.2868157666388)
2869	(716.9, 880.7311531714762)
3871	(987.0, 897.8778059321801)
5083	(1308.1, 916.9567393716359)
6525	(1686.7, 921.6940671786118)
8217	(2136.4, 923.5333106648878)
10179	(2688, 934.2518582665116)
12431	(3348, 945.9302690751467)
14993	(4095, 950.890782969121)
17885	(4895, 954.1169832256551)
21127	(5829, 961.6444610330224)
24739	(6888, 968.2377844641634)
28741	(8000, 970.8996972252006)
