55	(0.8, 456.8803864321321)	(1.0, 461.71101316312513)	(2.0, 509.1535521489423)	(2.2, 523.0705203606706)	(2.6, 534.3924809825679)	(2.8, 547.9628713168527)	(3.0, 553.0752486281158)	(3.2, 565.4004766789421)	(3.4, 571.8124663142729)	(4.0, 601.3520044181009)	(4.2, 611.1484252402512)	(4.4, 613.7587207672441)	(4.8, 638.6818277772824)	(5.0, 642.7216419997233)	(6.2, 700.8299169236789)	(6.4, 704.7057206858225)	(8.6, 807.027825094792)	(9.2, 834.9784246005551)	(9.6, 854.8856806160186)	(9.8, 859.2569325367199)	(10.0, 871.1201698844353)	(10.4, 890.2781694084572)	(10.8, 909.3076485216741)	(11.6, 939.8531142850411)	(11.8, 954.9519798372218)	(12.2, 965.9350019181007)	(12.6, 991.6589475809608)	(12.8, 992.9188424494155)	(13.0, 1004.884432053245)	(13.2, 1013.2780546216667)	(13.8, 1042.188842864412)	(14.0, 1049.5611115838792)	(14.4, 1070.5388710706616)	(14.6, 1074.5721909221845)	(15.4, 1117.2485532713579)
147	(19.5, 662.9629587904428)
309	(29, 588.1412900664907)	(30, 591.1288463043879)	(31, 606.2087297973359)	(32, 610.31686385006)	(33, 621.6427759961089)	(36, 644.6833238650842)	(37, 654.8690645472024)	(38, 666.2379256839232)	(39, 668.6701105039778)	(42, 696.31046909483)	(51, 779.0843769524122)	(52, 780.1407854335292)
561	(120, 830.0199032992812)
923	(210, 868.8881787217814)
1415	(340, 904.2542336875209)
2057	(512, 927.1085978671683)
2869	(748, 927.8855433751855)
3871	(1036, 951.0845981046496)
5083	(1365, 953.3594260132967)
6525	(1763, 956.9306935074418)
8217	(2236, 966.1659756888737)
